0 0.39062 0.31944 0.025 0.04722
0 0.38359 0.32847 0.02031 0.05694
0 0.36562 0.32639 0.04375 0.075
0 0.35391 0.34653 0.04063 0.0875
0 0.33594 0.35903 0.05625 0.10417
0 0.26797 0.37292 0.11406 0.1625
3 0.18984 0.40208 0.14844 0.17639
0 0.0957 0.49514 0.19141 0.39306
4 0.20937 0.29236 0.02031 0.04861
4 0.17031 0.29861 0.02344 0.06667
0 0.46484 0.31736 0.03125 0.05972
0 0.49375 0.33472 0.02344 0.04722
0 0.50039 0.33472 0.02109 0.05556
0 0.50898 0.33819 0.02109 0.07083
0 0.53359 0.34305 0.05625 0.08333
0 0.57734 0.36667 0.07031 0.15278
0 0.67656 0.37986 0.20625 0.25139
3 0.54414 0.36597 0.03047 0.09028
0 0.82305 0.48125 0.34922 0.40694
