4 0.52969 0.45694 0.01406 0.04722
1 0.58086 0.46458 0.05234 0.03472
0 0.58554 0.47708 0.02734 0.03472
0 0.6582 0.4757 0.03047 0.02917
1 0.68984 0.48819 0.04531 0.04861
0 0.72148 0.49653 0.03359 0.04306
0 0.75156 0.50347 0.05156 0.05417
0 0.78633 0.51666 0.06953 0.06944
0 0.93945 0.54028 0.11953 0.11944
0 0.46563 0.47639 0.01719 0.05833
0 0.43633 0.475 0.05703 0.08333
3 0.41602 0.49931 0.05078 0.0625
3 0.40625 0.51042 0.05156 0.05972
3 0.39414 0.50833 0.06641 0.075
0 0.15703 0.56319 0.31406 0.40694
