3 0.76797 0.07222 0.0375 0.03056
3 0.7582 0.13264 0.02109 0.0375
0 0.14805 0.36597 0.07891 0.07917
0 0.24492 0.36111 0.05078 0.06944
0 0.35039 0.31042 0.01797 0.0375
0 0.36797 0.33125 0.03594 0.06528
0 0.75469 0.39514 0.17969 0.0875
4 0.65391 0.36736 0.02031 0.0875
4 0.63359 0.37222 0.02031 0.08333
4 0.60352 0.37153 0.01953 0.08472
4 0.56953 0.36111 0.01406 0.075
4 0.58789 0.3757 0.02266 0.10417
4 0.40234 0.34236 0.01875 0.0375
4 0.10234 0.33472 0.0125 0.05278
4 0.05781 0.34514 0.01562 0.06806
4 0.09219 0.36736 0.03125 0.10694
4 0.07617 0.36736 0.03516 0.13194
4 0.12578 0.35903 0.02813 0.12917
4 0.29688 0.36806 0.02813 0.1
4 0.33516 0.37014 0.02969 0.10694
4 0.26953 0.36111 0.02656 0.11944
4 0.3457 0.37084 0.02266 0.10556
4 0.47695 0.42222 0.07422 0.31111
4 0.96445 0.40486 0.04609 0.2375
4 0.91562 0.41597 0.07187 0.24306
