4 0.78047 0.40347 0.01562 0.06806
0 0.57969 0.42222 0.02656 0.03056
0 0.62383 0.40209 0.07266 0.06806
0 0.33086 0.42291 0.16641 0.09583
3 0.17344 0.59514 0.10156 0.27083
3 0.14063 0.60833 0.08438 0.28889
3 0.08086 0.63403 0.16172 0.33472
3 0.04609 0.69653 0.09219 0.27917
3 0.00976 0.76736 0.01953 0.24583
0 0.43828 0.55278 0.1625 0.25833
0 0.68984 0.59722 0.19687 0.21111
0 0.70937 0.45416 0.16875 0.09444
0 0.98594 0.44028 0.02656 0.04722
0 0.97617 0.50347 0.04609 0.07917
2 0.47695 0.41597 0.07422 0.03472
