0 0.04258 0.42778 0.02891 0.03611
0 0.14375 0.43125 0.025 0.02917
0 0.16914 0.43125 0.02734 0.02917
0 0.18945 0.44583 0.04922 0.05
0 0.21523 0.43611 0.03359 0.03611
0 0.2418 0.44028 0.03672 0.05278
0 0.27344 0.48959 0.09844 0.14306
0 0.32032 0.44583 0.02813 0.05833
0 0.3539 0.46389 0.07187 0.08333
0 0.42383 0.47639 0.12266 0.15
0 0.47383 0.44167 0.04141 0.04167
0 0.50586 0.45972 0.04766 0.07778
3 0.61445 0.4618 0.03047 0.07083
3 0.70117 0.47569 0.07734 0.07639
4 0.87148 0.44792 0.05078 0.14028
4 0.90195 0.4875 0.01797 0.06667
0 0.96485 0.46945 0.06719 0.10278
