0 0.93438 0.4382 0.0375 0.01806
0 0.95234 0.44653 0.06719 0.03472
0 0.75195 0.44028 0.11484 0.13333
0 0.48515 0.44722 0.34687 0.41389
4 0.06172 0.27153 0.01875 0.05972
4 0.08711 0.28819 0.02266 0.13194
4 0.70312 0.43333 0.0125 0.08611
4 0.84218 0.42986 0.01562 0.07917
4 0.87656 0.43611 0.02656 0.09167
0 0.14258 0.3 0.02422 0.09167
0 0.11484 0.29028 0.03906 0.1
0 0.0461 0.26319 0.02344 0.05694
0 0.03164 0.26944 0.01797 0.04722
3 0.15781 0.32361 0.01875 0.04444
3 0.11836 0.31875 0.06641 0.05417
3 0.05977 0.28958 0.04297 0.03194
0 0.01719 0.28055 0.03438 0.05833
