0 0.03086 0.43611 0.02266 0.05833
0 0.50156 0.59236 0.02187 0.0375
0 0.47305 0.59653 0.02266 0.04306
0 0.4543 0.59931 0.01797 0.05417
0 0.43906 0.6 0.02344 0.05278
0 0.38906 0.6125 0.09062 0.11944
0 0.63594 0.59444 0.02187 0.03611
0 0.64531 0.60069 0.02187 0.04583
0 0.67422 0.6 0.0375 0.05556
0 0.83633 0.66458 0.21016 0.20417
0 0.96016 0.75417 0.075 0.28889
0 0.04297 0.63056 0.08594 0.20278
0 0.13633 0.59583 0.03828 0.15278
3 0.12696 0.66875 0.08516 0.15694
3 0.17187 0.61111 0.03906 0.05556
3 0.19102 0.6 0.02891 0.05833
4 0.27617 0.59583 0.01484 0.08333
3 0.27539 0.60694 0.03359 0.03333
0 0.26914 0.56805 0.01328 0.05833
