4 0.01211 0.51736 0.02422 0.07639
4 0.14062 0.49305 0.01875 0.08333
4 0.1875 0.49653 0.02031 0.08194
4 0.40977 0.46458 0.03047 0.11528
4 0.45273 0.46597 0.01797 0.1125
4 0.78555 0.42639 0.02109 0.09444
4 0.80313 0.40347 0.01719 0.04306
4 0.81992 0.3993 0.02109 0.04583
4 0.91289 0.43472 0.02422 0.11944
4 0.9668 0.43542 0.02422 0.12639
4 0.84023 0.43542 0.02578 0.10139
0 0.29063 0.48889 0.08594 0.075
0 0.33164 0.47361 0.06016 0.075
0 0.36446 0.4632 0.04766 0.06806
0 0.39141 0.4507 0.02969 0.05417
0 0.45547 0.43056 0.03281 0.03889
0 0.51836 0.43403 0.02109 0.04028
0 0.56211 0.43264 0.02266 0.0375
0 0.49453 0.4368 0.02813 0.04583
0 0.54063 0.43056 0.03125 0.05278
3 0.73086 0.45139 0.02109 0.06389
3 0.6293 0.44166 0.02109 0.03333
