0 0.51094 0.50347 0.02187 0.03194
0 0.52851 0.51111 0.02734 0.05
0 0.54727 0.51736 0.03828 0.05417
0 0.55898 0.5243 0.03359 0.05694
0 0.58203 0.53403 0.04219 0.0625
0 0.60898 0.55347 0.04922 0.06806
0 0.66875 0.57153 0.09375 0.1125
0 0.79649 0.59791 0.21641 0.22083
0 0.40117 0.4757 0.02422 0.05417
0 0.37188 0.4875 0.0625 0.08056
3 0.33203 0.49722 0.06406 0.09444
3 0.30742 0.48472 0.05078 0.04444
4 0.29688 0.43889 0.01719 0.04722
4 0.27227 0.42986 0.01953 0.05694
0 0.15899 0.47361 0.05547 0.23333
4 0.09531 0.47292 0.04688 0.29306
4 0.0582 0.45 0.03359 0.25556
4 0.0125 0.41736 0.025 0.25417
3 0.03672 0.6375 0.07031 0.2
0 0.9168 0.65833 0.16172 0.25833
