0 0.32422 0.49097 0.02813 0.04306
0 0.31953 0.49931 0.03125 0.04306
0 0.30898 0.50416 0.03203 0.05833
0 0.25586 0.52778 0.08828 0.11667
0 0.20586 0.50139 0.02266 0.03333
0 0.52343 0.50139 0.02187 0.04167
0 0.5418 0.50417 0.03984 0.04722
0 0.48359 0.51181 0.05937 0.07639
0 0.83476 0.56041 0.14609 0.10694
4 0.89531 0.50833 0.025 0.09444
4 0.075 0.52222 0.01562 0.05
4 0.03867 0.51597 0.01953 0.08194
4 0.01406 0.53472 0.01562 0.11111
4 0.00469 0.5243 0.00781 0.10972
4 0.03086 0.58681 0.04453 0.22917
4 0.11094 0.5757 0.05625 0.21528
4 0.62383 0.50625 0.01328 0.06528
4 0.64609 0.51042 0.01406 0.05139
4 0.76328 0.51528 0.01562 0.08056
3 0.69922 0.53055 0.02656 0.03333
3 0.70703 0.53889 0.03125 0.03611
3 0.71172 0.54306 0.03594 0.03611
3 0.7332 0.54097 0.03672 0.02917
0 0.3832 0.53195 0.08828 0.16667
4 0.17109 0.50347 0.01094 0.06806
4 0.94688 0.51667 0.03594 0.09722
