4 0.3668 0.80278 0.01016 0.07778
4 0.34453 0.80486 0.0125 0.07083
4 0.31172 0.7993 0.01406 0.05972
4 0.3332 0.79722 0.01172 0.06389
4 0.68555 0.79305 0.01172 0.06111
4 0.71523 0.80347 0.01953 0.08194
4 0.75274 0.80278 0.03516 0.12222
0 0.58398 0.79584 0.03984 0.05556
0 0.48516 0.79514 0.01875 0.0375
0 0.51055 0.79861 0.02891 0.04167
1 0.62852 0.77778 0.02891 0.05556
1 0.67266 0.77361 0.05156 0.1
0 0.20117 0.8118 0.02109 0.03194
0 0.42539 0.79236 0.11016 0.10694
0 0.26641 0.80625 0.1 0.06528
0 0.07774 0.8118 0.15391 0.04861
0 0.82773 0.79097 0.14297 0.15139
0 0.93203 0.7875 0.13437 0.18611
