2 0.375 0.57083 0.17969 0.30278
0 0.16172 0.62778 0.27969 0.25833
4 0.26641 0.58403 0.02969 0.11528
4 0.53477 0.65069 0.02266 0.1125
0 0.4957 0.65 0.03359 0.06111
2 0.5582 0.62708 0.05078 0.12361
0 0.5918 0.64236 0.01797 0.06528
0 0.65078 0.64514 0.02813 0.04028
0 0.68398 0.63264 0.01484 0.04583
0 0.91015 0.66736 0.02656 0.10139
4 0.8375 0.65347 0.01406 0.0625
4 0.08008 0.57778 0.01797 0.06667
4 0.05625 0.57639 0.01719 0.05833
4 0.02969 0.56389 0.025 0.04722
4 0.11563 0.56945 0.0375 0.05278
0 0.03359 0.60347 0.06719 0.08472
0 0.47031 0.65208 0.01875 0.05694
