4 0.50117 0.53472 0.02891 0.10556
4 0.70508 0.54097 0.02109 0.10417
4 0.73555 0.63889 0.05078 0.33611
4 0.81289 0.52222 0.01797 0.05556
4 0.79023 0.5382 0.02734 0.09306
4 0.67656 0.50903 0.07656 0.04861
0 0.29297 0.47917 0.04844 0.03889
0 0.22461 0.47361 0.08203 0.08611
0 0.21836 0.45208 0.08828 0.09583
0 0.15352 0.47222 0.04453 0.05
0 0.10938 0.45903 0.07344 0.07083
1 0.03789 0.45278 0.07578 0.18889
0 0.42227 0.50347 0.02578 0.03472
0 0.47969 0.50486 0.02344 0.03472
0 0.51992 0.5125 0.02734 0.05278
0 0.54844 0.53611 0.02344 0.08333
0 0.57422 0.54306 0.05156 0.1
0 0.63242 0.56597 0.12266 0.17639
0 0.86836 0.72014 0.25703 0.54861
