4 0.97657 0.71389 0.03438 0.06944
4 0.94726 0.725 0.03359 0.11389
4 0.76523 0.74028 0.01328 0.05
4 0.72695 0.74444 0.01328 0.06111
4 0.6375 0.75555 0.0125 0.06111
4 0.66641 0.77153 0.0125 0.0875
4 0.68047 0.74445 0.0125 0.05278
4 0.7082 0.74236 0.01172 0.0625
4 0.87265 0.74444 0.01562 0.08333
0 0.43086 0.78403 0.04453 0.06528
0 0.36406 0.81458 0.08281 0.13194
0 0.14648 0.8493 0.13828 0.20972
0 0.8832 0.74028 0.11953 0.075
0 0.52735 0.81042 0.15313 0.26528
0 0.2586 0.86111 0.19219 0.24722
2 0.57773 0.72778 0.06328 0.13611
1 0.87227 0.72222 0.11797 0.09722
0 0.04063 0.87639 0.08125 0.13889
0 0.95195 0.82361 0.09141 0.18056
0 0.39609 0.77639 0.02031 0.04167
