0 0.08711 0.72917 0.05078 0.05
0 0.15234 0.72153 0.07031 0.05972
0 0.48164 0.68958 0.02109 0.03472
0 0.42617 0.73611 0.10859 0.15278
0 0.7957 0.66944 0.11016 0.06389
2 0.45234 0.65347 0.04531 0.07083
1 0.34453 0.67917 0.08125 0.17222
4 0.59218 0.68334 0.01562 0.06667
4 0.72226 0.66875 0.01328 0.07917
4 0.9 0.65347 0.01562 0.06528
4 0.68555 0.72361 0.04141 0.17778
4 0.73398 0.67361 0.01172 0.05833
4 0.85078 0.65903 0.01094 0.05972
4 0.85938 0.65833 0.01875 0.06111
4 0.86523 0.65764 0.01172 0.0625
4 0.87539 0.65556 0.01172 0.06389
4 0.9336 0.65278 0.01719 0.05556
0 0.97773 0.65764 0.03984 0.05139
