0 0.02656 0.3882 0.05312 0.09028
0 0.86172 0.64861 0.27344 0.38333
2 0.02187 0.32709 0.04375 0.04306
0 0.07891 0.39236 0.05469 0.0625
0 0.13711 0.39028 0.01953 0.04722
0 0.17774 0.39375 0.04141 0.04028
0 0.44961 0.4257 0.03359 0.04028
0 0.3625 0.41528 0.02187 0.03056
0 0.41524 0.425 0.04141 0.06667
1 0.58984 0.44236 0.07031 0.08194
0 0.51367 0.44097 0.01797 0.07083
4 0.67031 0.45834 0.01406 0.08056
4 0.71445 0.46528 0.01328 0.075
4 0.89336 0.45625 0.01641 0.04861
4 0.65508 0.44097 0.01797 0.06528
4 0.53711 0.42778 0.01328 0.05278
4 0.90703 0.45694 0.02656 0.04444
