0 0.50078 0.44375 0.01875 0.05139
0 0.48945 0.4493 0.02109 0.07083
0 0.56836 0.44792 0.02109 0.0375
2 0.52891 0.43056 0.02813 0.06389
0 0.54336 0.4493 0.03984 0.05694
1 0.61055 0.44306 0.06016 0.09167
4 0.27031 0.45208 0.0125 0.10694
4 0.25664 0.45347 0.01953 0.10972
4 0.24297 0.45695 0.01562 0.10278
4 0.2293 0.42986 0.01953 0.05417
4 0.21094 0.45694 0.03438 0.10833
4 0.05469 0.4375 0.02031 0.09444
4 0.0668 0.46597 0.02109 0.14028
4 0.0875 0.46181 0.03125 0.1375
4 0.12031 0.4625 0.03125 0.12778
4 0.15508 0.46875 0.02578 0.10417
4 0.21953 0.46458 0.02031 0.10694
4 0.02071 0.46736 0.04141 0.16806
4 0.65703 0.42986 0.01562 0.05139
4 0.65235 0.45 0.01719 0.05556
4 0.66563 0.45139 0.01875 0.08889
4 0.69219 0.43958 0.01719 0.04583
4 0.80508 0.41806 0.02578 0.03889
4 0.8543 0.42292 0.02578 0.04306
4 0.93438 0.46875 0.05469 0.13472
4 0.96016 0.46181 0.0375 0.11528
1 0.93828 0.45764 0.12031 0.17917
2 0.37696 0.35903 0.22891 0.38194
0 0.77891 0.58403 0.32188 0.34028
4 0.0332 0.41736 0.02422 0.1125
4 0.00898 0.42083 0.01797 0.10833
