4 0.06367 0.41944 0.03359 0.15
4 0.27265 0.42014 0.00937 0.08472
4 0.18828 0.42014 0.00937 0.08194
4 0.26562 0.42292 0.00937 0.1125
4 0.13867 0.4118 0.02734 0.13194
4 0.21406 0.41667 0.02344 0.11667
4 0.23867 0.41736 0.02109 0.12083
4 0.25508 0.41805 0.01641 0.11944
1 0.36563 0.39653 0.18594 0.26528
1 0.49687 0.41319 0.05312 0.10694
1 0.7707 0.4507 0.07422 0.10139
2 0.6332 0.42778 0.04922 0.08333
0 0.65508 0.44097 0.04453 0.06806
0 0.70039 0.46805 0.06953 0.08333
4 0.73399 0.45694 0.01641 0.05833
1 0.53203 0.42361 0.02031 0.06667
0 0.55899 0.43334 0.04922 0.09167
0 0.87891 0.575 0.24063 0.48889
