0 0.44336 0.42014 0.01797 0.0375
0 0.30195 0.4382 0.07422 0.09028
0 0.21484 0.44097 0.11406 0.1375
1 0.49844 0.37778 0.03906 0.05556
4 0.98633 0.49166 0.01641 0.11944
4 0.97383 0.48819 0.01484 0.13194
4 0.9457 0.47361 0.01797 0.09722
4 0.95976 0.47847 0.01953 0.12639
4 0.93164 0.4875 0.01953 0.11944
0 0.42344 0.41945 0.025 0.04167
0 0.62735 0.43889 0.03594 0.04444
0 0.54297 0.43264 0.02031 0.0375
0 0.49609 0.43403 0.05781 0.09306
0 0.75078 0.47986 0.15156 0.17639
0 0.3375 0.42153 0.075 0.0875
0 0.87266 0.48889 0.10469 0.12222
0 0.08907 0.43333 0.17813 0.28889
