0 0.0164 0.52292 0.03281 0.19861
0 0.42461 0.48194 0.02109 0.04722
0 0.39805 0.49097 0.04922 0.07361
0 0.32969 0.49167 0.04688 0.05556
4 0.32109 0.49583 0.02187 0.10278
4 0.14922 0.47917 0.01719 0.08889
4 0.06289 0.47431 0.01641 0.09306
4 0.12227 0.48125 0.01016 0.08472
4 0.11211 0.48194 0.01328 0.08333
4 0.09297 0.47986 0.0125 0.0875
4 0.08281 0.48125 0.0125 0.07639
0 0.21953 0.48958 0.10312 0.12083
4 0.53984 0.4875 0.01562 0.06389
4 0.95352 0.50416 0.05547 0.18333
0 0.74805 0.63681 0.48828 0.6375
