0 0.56719 0.53333 0.03594 0.05278
0 0.57148 0.54583 0.02109 0.03333
0 0.58711 0.54931 0.02891 0.0625
0 0.59414 0.56042 0.02578 0.06528
0 0.63672 0.55417 0.08125 0.13889
0 0.65 0.57917 0.06094 0.14167
0 0.71992 0.60833 0.15078 0.21389
0 0.85899 0.73125 0.27891 0.50972
0 0.53086 0.56042 0.05391 0.07361
0 0.50195 0.53055 0.02266 0.03333
0 0.47734 0.55208 0.02656 0.03472
0 0.45195 0.55625 0.03203 0.05139
0 0.42617 0.55694 0.03516 0.06944
0 0.36094 0.59861 0.13906 0.16111
0 0.29609 0.58125 0.07187 0.1125
0 0.03281 0.63542 0.06563 0.30972
4 0.44844 0.55069 0.01719 0.0875
4 0.27617 0.53542 0.02422 0.0625
4 0.21524 0.55347 0.02422 0.08194
