4 0.24922 0.35417 0.01562 0.075
4 0.3082 0.3625 0.01484 0.04444
4 0.22812 0.36528 0.02187 0.10556
4 0.20273 0.36667 0.02109 0.10833
4 0.08047 0.35833 0.04688 0.14722
4 0.84297 0.46042 0.06406 0.22361
0 0.45664 0.36667 0.02422 0.05278
0 0.48203 0.37847 0.01562 0.04306
0 0.3918 0.37153 0.02109 0.05139
0 0.38242 0.37292 0.01953 0.04861
0 0.36797 0.3875 0.03281 0.075
0 0.50156 0.37916 0.03125 0.04444
1 0.39531 0.35278 0.02344 0.03889
1 0.60352 0.39722 0.09766 0.13611
0 0.94141 0.58403 0.1125 0.24861
4 0.97696 0.51875 0.04141 0.50139
