4 0.88164 0.55278 0.02891 0.08333
4 0.85625 0.58334 0.03594 0.08056
4 0.83945 0.58889 0.02422 0.11944
4 0.82109 0.56458 0.03125 0.09861
4 0.80391 0.56805 0.03125 0.07222
4 0.69258 0.57986 0.01953 0.06528
4 0.62852 0.56459 0.01641 0.06806
4 0.61328 0.57014 0.01406 0.06528
4 0.66055 0.69375 0.07109 0.34306
4 0.71914 0.69236 0.06953 0.36806
4 0.75742 0.70903 0.05391 0.34028
4 0.80234 0.72292 0.09219 0.35417
4 0.87774 0.72222 0.11641 0.38889
4 0.95234 0.74028 0.09375 0.40833
0 0.1 0.64306 0.2 0.36389
0 0.38321 0.61042 0.48516 0.47639
