0 0.11719 0.71042 0.23438 0.41528
0 0.98242 0.76181 0.03203 0.17639
0 0.97734 0.51875 0.04375 0.11806
4 0.45938 0.50139 0.02969 0.13889
4 0.53633 0.50278 0.02578 0.12222
0 0.19649 0.55972 0.16797 0.15278
0 0.30429 0.53542 0.10234 0.10417
0 0.36094 0.52361 0.06563 0.08611
4 0.37149 0.51666 0.02891 0.09444
0 0.38555 0.50417 0.06328 0.08611
0 0.41758 0.50139 0.03672 0.075
0 0.43633 0.49445 0.02734 0.06667
0 0.59883 0.48958 0.04141 0.05972
0 0.67695 0.49167 0.05859 0.075
0 0.79883 0.5 0.08359 0.07778
0 0.83164 0.475 0.05547 0.06667
2 0.76875 0.46736 0.07812 0.07917
0 0.56875 0.48472 0.025 0.04167
0 0.63477 0.48958 0.02266 0.0375
4 0.92109 0.50069 0.01406 0.0625
4 0.90195 0.49236 0.01328 0.08472
