0 0.40352 0.42917 0.03672 0.06389
0 0.33438 0.42916 0.02344 0.03333
0 0.30391 0.44028 0.01875 0.04444
0 0.28437 0.44236 0.03125 0.04861
0 0.25508 0.44653 0.03359 0.05417
0 0.22774 0.45764 0.04766 0.0625
0 0.16367 0.46389 0.09609 0.08889
0 0.37226 0.45486 0.07109 0.10417
2 0.4793 0.3875 0.07266 0.17222
0 0.52148 0.425 0.01172 0.06667
1 0.56367 0.40903 0.07891 0.14306
4 0.12695 0.425 0.01953 0.04167
4 0.66328 0.43611 0.01719 0.08056
4 0.68867 0.425 0.01641 0.06667
4 0.76836 0.4632 0.02578 0.14306
4 0.9125 0.47014 0.03281 0.15694
4 0.86328 0.46111 0.03906 0.14722
0 0.82148 0.45903 0.03984 0.14306
