4 0.76719 0.67222 0.04063 0.21667
4 0.91875 0.67292 0.06563 0.32917
4 0.64805 0.65139 0.02891 0.15
4 0.60078 0.63542 0.02813 0.10972
4 0.49922 0.62639 0.02187 0.10556
4 0.83203 0.61459 0.02187 0.14306
4 0.95352 0.66319 0.04453 0.3125
4 0.72852 0.625 0.02266 0.10556
4 0.71211 0.625 0.02422 0.09722
4 0.67461 0.64584 0.03516 0.15556
4 0.58008 0.60417 0.01953 0.07222
0 0.22265 0.58611 0.02187 0.03333
0 0.21133 0.59583 0.02266 0.03889
0 0.19609 0.60139 0.01719 0.04722
0 0.18047 0.60069 0.025 0.03194
0 0.16914 0.65417 0.07422 0.13611
4 0.14414 0.59791 0.02266 0.04583
4 0.02031 0.60764 0.01719 0.04583
4 0.01289 0.60486 0.01484 0.05139
0 0.33555 0.57917 0.02734 0.03611
0 0.07344 0.72361 0.14688 0.21111
4 0.98477 0.64444 0.02578 0.21111
4 0.86445 0.65972 0.03672 0.18889
