4 0.74843 0.46736 0.01562 0.14306
4 0.6582 0.4743 0.02734 0.13472
4 0.59805 0.44861 0.01016 0.075
4 0.58828 0.45278 0.01719 0.08889
4 0.02266 0.50764 0.01719 0.0625
4 0.07265 0.49444 0.01406 0.04722
4 0.09961 0.49444 0.01328 0.05833
0 0.27656 0.46805 0.03906 0.05833
0 0.34531 0.46111 0.04219 0.05833
0 0.0668 0.48889 0.05078 0.05
0 0.20469 0.47917 0.01406 0.06389
0 0.38672 0.46111 0.04375 0.07222
0 0.32109 0.47639 0.05156 0.06111
0 0.23399 0.48125 0.07266 0.07917
4 0.00703 0.51111 0.01094 0.06944
