2 0.23789 0.42014 0.18047 0.24583
2 0.52266 0.31319 0.62969 0.49861
4 0.88594 0.47014 0.02813 0.1375
4 0.87109 0.47153 0.02031 0.15972
4 0.85469 0.46597 0.04219 0.16528
4 0.83867 0.46805 0.03047 0.13333
4 0.79805 0.49028 0.01641 0.07778
4 0.77461 0.47222 0.02422 0.11944
4 0.74609 0.48472 0.04375 0.15833
4 0.62734 0.5 0.04375 0.15556
4 0.32578 0.54167 0.07187 0.33611
4 0.10195 0.45208 0.02578 0.0875
4 0.12305 0.46528 0.02734 0.09444
4 0.04023 0.45347 0.02578 0.08472
4 0.01172 0.45556 0.02344 0.08056
4 0.05078 0.46528 0.02969 0.11389
4 0.9207 0.40833 0.02109 0.05278
4 0.90782 0.46806 0.03438 0.17778
4 0.92617 0.47708 0.05234 0.1875
4 0.98125 0.45903 0.03125 0.13194
0 0.20742 0.5125 0.06172 0.23333
0 0.96601 0.4257 0.06328 0.06806
