1 0.10156 0.21805 0.20312 0.43611
1 0.32539 0.18889 0.15078 0.33333
0 0.22773 0.26319 0.09453 0.1625
0 0.51055 0.34792 0.16641 0.28472
0 0.40273 0.24028 0.02109 0.05
0 0.46328 0.28194 0.07187 0.125
1 0.43438 0.22708 0.01875 0.04861
1 0.47891 0.19236 0.06094 0.07917
2 0.55391 0.23542 0.04688 0.05139
4 0.62344 0.28125 0.0125 0.05694
4 0.75469 0.30833 0.02031 0.08889
4 0.83281 0.32986 0.02656 0.1125
4 0.80273 0.31736 0.02109 0.07917
4 0.66445 0.28194 0.01484 0.05833
4 0.85508 0.34375 0.01484 0.11528
4 0.77578 0.31111 0.01719 0.075
4 0.86719 0.34236 0.01875 0.10417
4 0.88477 0.35694 0.01172 0.075
