4 0.17774 0.58611 0.02891 0.15
4 0.07695 0.57986 0.03359 0.15694
4 0.11641 0.57986 0.04844 0.17083
0 0.47813 0.575 0.01875 0.04444
0 0.49141 0.57986 0.02344 0.03472
0 0.46406 0.58194 0.01562 0.04444
0 0.43633 0.57917 0.02891 0.06111
0 0.41484 0.59653 0.02656 0.06806
0 0.57344 0.58542 0.01875 0.0375
0 0.61406 0.58472 0.02344 0.03889
0 0.51445 0.57917 0.03047 0.04722
0 0.54727 0.58681 0.03828 0.04861
0 0.59101 0.57847 0.03359 0.05694
0 0.64688 0.58889 0.04219 0.06389
0 0.68242 0.59305 0.02109 0.03333
0 0.8793 0.61875 0.09766 0.08472
1 0.3625 0.58819 0.09531 0.14583
4 0.29844 0.58472 0.02031 0.09167
