0 0.01367 0.56458 0.02578 0.09028
0 0.9168 0.57361 0.15859 0.34444
0 0.01524 0.49791 0.03047 0.08194
0 0.34336 0.61458 0.25078 0.36528
0 0.63594 0.43819 0.15156 0.22083
0 0.14141 0.53472 0.18281 0.21944
0 0.23672 0.43959 0.08125 0.06806
0 0.41289 0.475 0.12578 0.22222
0 0.48477 0.44236 0.05078 0.1125
0 0.52852 0.41667 0.08047 0.08889
0 0.51484 0.36805 0.07812 0.03611
0 0.32149 0.42014 0.04922 0.04861
0 0.2836 0.42639 0.03438 0.03611
0 0.08399 0.45764 0.06016 0.06528
0 0.19101 0.41806 0.03203 0.025
4 0.82188 0.37708 0.03438 0.18472
4 0.87656 0.3625 0.03125 0.15556
4 0.76875 0.35972 0.02031 0.12222
4 0.72031 0.37292 0.01875 0.10972
4 0.69531 0.33056 0.02187 0.05278
4 0.74961 0.37014 0.01797 0.10417
4 0.73477 0.35625 0.01797 0.10972
4 0.84883 0.37639 0.02734 0.15
4 0.93594 0.36806 0.03281 0.12778
