1 0.42617 0.3882 0.02422 0.04306
0 0.38516 0.425 0.02656 0.03889
0 0.53477 0.40347 0.02266 0.04028
0 0.54375 0.41042 0.025 0.03472
0 0.54687 0.41667 0.02187 0.03889
0 0.24062 0.45833 0.03281 0.03889
2 0.29297 0.43333 0.10312 0.20833
4 0.60547 0.40972 0.0125 0.05278
4 0.61875 0.4125 0.01719 0.05833
4 0.8293 0.39653 0.02578 0.11528
0 0.09648 0.55347 0.18203 0.20139
0 0.33203 0.49792 0.12187 0.1625
0 0.56992 0.41945 0.04609 0.06667
0 0.96289 0.5 0.07109 0.20833
0 0.41836 0.39792 0.02266 0.04028
0 0.40625 0.41111 0.02187 0.03056
