4 0.09688 0.31667 0.01719 0.08333
4 0.07422 0.3132 0.01875 0.09306
4 0.02578 0.30208 0.03125 0.12639
4 0.12461 0.31041 0.02422 0.09583
4 0.86601 0.32778 0.02734 0.11389
4 0.76016 0.31389 0.01875 0.08611
4 0.73945 0.31528 0.01953 0.08056
4 0.7207 0.31805 0.01172 0.07222
4 0.89375 0.32222 0.01719 0.07778
4 0.9418 0.32361 0.02109 0.09722
4 0.90508 0.32083 0.01484 0.07222
4 0.76914 0.30486 0.01953 0.07917
4 0.70234 0.29167 0.02031 0.08056
1 0.36719 0.25208 0.03281 0.04861
0 0.30196 0.28819 0.05391 0.08194
0 0.26445 0.3 0.06172 0.06667
0 0.34883 0.29653 0.04297 0.05417
0 0.20078 0.3125 0.07187 0.06944
2 0.62031 0.27153 0.125 0.16806
1 0.41563 0.30278 0.0875 0.15278
0 0.49805 0.28611 0.02578 0.03611
0 0.52187 0.28681 0.02656 0.0375
