4 0.02422 0.40833 0.0125 0.07778
4 0.03945 0.42847 0.01484 0.09028
4 0.05234 0.46736 0.025 0.14861
4 0.08164 0.42153 0.01484 0.07639
4 0.21289 0.4493 0.03359 0.13194
4 0.24688 0.43819 0.03125 0.1625
4 0.31992 0.44514 0.04922 0.16528
0 0.225 0.42639 0.05625 0.08056
1 0.26406 0.39445 0.0625 0.11389
0 0.3082 0.39583 0.02578 0.07778
1 0.37539 0.40208 0.02109 0.03194
4 0.10742 0.42222 0.01797 0.07778
4 0.50781 0.41111 0.01562 0.07778
4 0.52851 0.43125 0.02578 0.12917
4 0.56055 0.42361 0.01641 0.08056
4 0.62149 0.44722 0.02891 0.14167
4 0.56328 0.43125 0.01094 0.05972
4 0.54492 0.42847 0.02578 0.18194
4 0.58945 0.43403 0.02734 0.14861
4 0.90977 0.44097 0.01641 0.12917
4 0.97695 0.41597 0.03047 0.0875
0 0.88867 0.42986 0.10547 0.0875
0 0.44297 0.49861 0.16719 0.23333
0 0.74258 0.50625 0.25547 0.28472
0 0.98203 0.80278 0.03125 0.225
0 0.0168 0.48334 0.03359 0.15556
