4 0.73359 0.28542 0.0125 0.05972
4 0.75781 0.29375 0.01562 0.08472
4 0.77578 0.29028 0.01719 0.08056
4 0.79492 0.2868 0.01797 0.08472
4 0.81563 0.26319 0.01719 0.04861
0 0.58984 0.29167 0.01562 0.05556
0 0.23945 0.31111 0.02734 0.02778
0 0.14453 0.30972 0.03438 0.02222
0 0.45469 0.3 0.02187 0.03889
0 0.53203 0.30486 0.02187 0.05139
0 0.55625 0.29931 0.025 0.04028
0 0.60351 0.28889 0.02578 0.05
0 0.0836 0.35972 0.16719 0.16111
4 0.99297 0.29583 0.0125 0.125
0 0.43828 0.30972 0.0375 0.05
0 0.49649 0.33125 0.08047 0.10417
2 0.66524 0.25625 0.13047 0.19306
2 0.50352 0.25486 0.03672 0.0375
