0 0.24844 0.6125 0.04219 0.05556
4 0.25977 0.62917 0.03828 0.06667
4 0.28438 0.63125 0.02969 0.06528
0 0.64414 0.65069 0.04141 0.04583
0 0.66758 0.6625 0.03828 0.04722
4 0.17539 0.59166 0.03672 0.08333
4 0.76406 0.66875 0.0125 0.05417
4 0.85234 0.69236 0.00937 0.07917
4 0.84648 0.6882 0.00859 0.07917
4 0.83828 0.69028 0.01094 0.075
4 0.82812 0.68611 0.01562 0.08611
4 0.87031 0.6882 0.0125 0.07917
4 0.88476 0.69861 0.02109 0.10556
4 0.9875 0.7125 0.01562 0.1
4 0.92539 0.71111 0.01953 0.08889
4 0.93711 0.70833 0.02109 0.07222
4 0.81015 0.67222 0.01406 0.06944
4 0.79023 0.67014 0.01484 0.06806
4 0.79922 0.66875 0.0125 0.06806
