2 0.38985 0.35278 0.04063 0.075
4 0.49883 0.325 0.01328 0.05278
4 0.48906 0.36319 0.02656 0.10694
4 0.48516 0.36666 0.02031 0.09444
4 0.39648 0.38541 0.02109 0.10694
4 0.4043 0.38194 0.01172 0.12222
4 0.41446 0.38195 0.02266 0.10278
4 0.74101 0.25903 0.01328 0.05972
4 0.7543 0.25833 0.01328 0.07222
4 0.77031 0.26042 0.01875 0.08472
4 0.78359 0.25555 0.01562 0.09722
4 0.79687 0.26875 0.02031 0.09306
4 0.83086 0.25486 0.02109 0.10972
4 0.84023 0.225 0.01172 0.05833
4 0.85 0.25556 0.02344 0.10556
4 0.87305 0.25069 0.02109 0.10972
4 0.89219 0.24792 0.01875 0.11528
4 0.94883 0.26875 0.06641 0.27083
4 0.71328 0.37153 0.12969 0.55139
4 0.9168 0.24653 0.02578 0.11806
0 0.95664 0.22222 0.08359 0.15833
4 0.81367 0.26805 0.02578 0.16111
4 0.4625 0.3625 0.02813 0.09167
4 0.31797 0.39167 0.03125 0.10278
4 0.43672 0.36667 0.02969 0.11111
0 0.65664 0.36944 0.32109 0.225
2 0.1461 0.30069 0.29063 0.57639
