1 0.47422 0.4993 0.02969 0.07083
0 0.33985 0.54028 0.02344 0.03611
0 0.3207 0.54167 0.02578 0.04167
0 0.29805 0.53958 0.03203 0.05417
0 0.26719 0.54236 0.04375 0.05972
0 0.23242 0.55209 0.06641 0.06806
0 0.18359 0.56667 0.07969 0.075
0 0.12148 0.58125 0.08984 0.08472
0 0.04414 0.59861 0.08828 0.11389
0 0.51758 0.50833 0.02891 0.04722
0 0.5625 0.53472 0.03438 0.06111
0 0.57734 0.5493 0.04219 0.07361
0 0.61211 0.56806 0.09609 0.125
4 0.71367 0.54444 0.02266 0.11944
4 0.75742 0.58333 0.03672 0.19167
4 0.78476 0.53542 0.01484 0.10972
