4 0.0332 0.39584 0.02578 0.10556
4 0.01016 0.41528 0.02031 0.11667
4 0.26836 0.45972 0.03672 0.14722
4 0.53672 0.50208 0.03906 0.10972
4 0.54844 0.47917 0.02031 0.13889
4 0.58203 0.49861 0.04219 0.125
0 0.12851 0.55694 0.25703 0.35
0 0.04531 0.38542 0.09062 0.09306
2 0.07226 0.35625 0.14453 0.07361
0 0.19649 0.42708 0.11797 0.10972
0 0.24883 0.42083 0.02422 0.04444
1 0.43672 0.45278 0.20312 0.4
0 0.30469 0.43056 0.04219 0.05556
0 0.28321 0.42778 0.01641 0.04167
0 0.62422 0.48264 0.075 0.06528
0 0.7043 0.4868 0.07422 0.07361
