4 0.24375 0.5375 0.01719 0.05556
4 0.36094 0.55347 0.01562 0.06528
4 0.36836 0.55417 0.01172 0.06667
4 0.44063 0.54305 0.01094 0.06944
0 0.04023 0.43542 0.08047 0.04861
0 0.13594 0.62917 0.27187 0.33889
0 0.61016 0.52639 0.02031 0.05833
0 0.5625 0.52222 0.07656 0.1
0 0.6332 0.52986 0.04922 0.06528
0 0.68359 0.53403 0.05781 0.0875
0 0.81875 0.53542 0.03906 0.04861
1 0.68086 0.48403 0.04297 0.04861
1 0.71367 0.49861 0.02109 0.05833
1 0.88594 0.54514 0.10312 0.14028
0 0.525 0.58958 0.14375 0.15972
0 0.74961 0.5618 0.09766 0.15972
0 0.95781 0.58611 0.08281 0.32778
