0 0.025 0.40625 0.05 0.04583
0 0.06641 0.4 0.03281 0.03333
0 0.23828 0.40139 0.10312 0.19167
0 0.32891 0.39861 0.03594 0.05556
0 0.37187 0.39167 0.02656 0.05
0 0.38281 0.37639 0.02344 0.04722
0 0.40508 0.37361 0.02109 0.03333
0 0.42344 0.40347 0.05156 0.07639
0 0.48359 0.39167 0.02656 0.04167
0 0.53242 0.40625 0.04453 0.07917
0 0.54844 0.41528 0.05469 0.07222
0 0.5875 0.40625 0.075 0.10694
0 0.6375 0.41597 0.09375 0.12639
0 0.73555 0.43541 0.15078 0.15694
0 0.81133 0.38472 0.04766 0.06389
0 0.87578 0.48264 0.24375 0.20694
4 0.85312 0.35486 0.02187 0.05694
4 0.88203 0.36181 0.02187 0.05139
0 0.1168 0.40556 0.04766 0.03889
0 0.15898 0.39931 0.02578 0.04028
0 0.18399 0.39514 0.02266 0.03472
4 0.90781 0.35694 0.025 0.04444
