0 0.3711 0.54653 0.04844 0.0625
0 0.44375 0.55695 0.04375 0.06389
0 0.1082 0.54444 0.06484 0.06389
0 0.03984 0.56667 0.07969 0.14722
0 0.03203 0.49791 0.0625 0.05694
3 0.21484 0.56528 0.03906 0.09444
0 0.21524 0.53403 0.03516 0.09861
4 0.49141 0.55625 0.01719 0.07083
4 0.48945 0.55834 0.01328 0.06667
3 0.57812 0.55556 0.06406 0.08889
0 0.01016 0.70486 0.02031 0.13194
3 0.68008 0.56667 0.04141 0.09167
4 0.81758 0.54444 0.01953 0.10833
4 0.78359 0.54097 0.01875 0.08194
4 0.85273 0.55903 0.02109 0.05417
4 0.83984 0.55069 0.01562 0.07083
4 0.95313 0.57431 0.02344 0.11806
3 0.90352 0.60764 0.08203 0.09306
0 0.90469 0.56111 0.04219 0.13333
4 0.93125 0.60139 0.04375 0.10833
1 0.41679 0.49931 0.04609 0.0875
