0 0.72812 0.57708 0.02187 0.03194
4 0.73594 0.59236 0.01406 0.06806
4 0.7293 0.59722 0.01172 0.05833
0 0.74414 0.58542 0.02266 0.05417
0 0.76641 0.59375 0.05156 0.06528
0 0.88945 0.58334 0.06016 0.08056
0 0.8668 0.56459 0.02266 0.02917
4 0.94492 0.53264 0.02266 0.05139
0 0.60547 0.58125 0.04219 0.05694
0 0.48477 0.60695 0.03672 0.05278
0 0.51875 0.59931 0.03594 0.04028
0 0.39219 0.62639 0.06563 0.09444
4 0.35781 0.62292 0.02031 0.07917
0 0.26016 0.66319 0.125 0.12361
0 0.1082 0.70278 0.20234 0.16111
0 0.43945 0.62847 0.08203 0.09861
0 0.54805 0.59792 0.04141 0.0375
0 0.62383 0.59583 0.03672 0.05278
1 0.67578 0.57569 0.04219 0.08194
0 0.8211 0.61042 0.08438 0.08472
0 0.93281 0.63264 0.12969 0.16806
