0 0.59414 0.4625 0.06797 0.07778
0 0.66406 0.45 0.05312 0.03056
0 0.70313 0.48542 0.16094 0.0875
4 0.39727 0.43334 0.01953 0.06667
4 0.37539 0.44375 0.02422 0.10694
4 0.35352 0.44792 0.01797 0.09306
4 0.33672 0.44375 0.01562 0.10694
4 0.32578 0.44931 0.02031 0.09861
0 0.29492 0.45625 0.04922 0.15417
4 0.2418 0.47639 0.04922 0.21111
4 0.21367 0.46944 0.03359 0.19722
4 0.1875 0.44722 0.01875 0.10833
4 0.17617 0.45 0.01328 0.1
4 0.16406 0.47014 0.02813 0.15139
4 0.13359 0.425 0.0125 0.05556
4 0.11953 0.42778 0.01562 0.09722
4 0.06602 0.44444 0.03516 0.10833
4 0.03516 0.44514 0.02813 0.11806
4 0.02031 0.41667 0.01562 0.05278
4 0.0082 0.41875 0.01328 0.05139
0 0.84531 0.64097 0.30781 0.40417
0 0.47773 0.60278 0.31484 0.53333
