0 0.41875 0.15209 0.04063 0.06806
1 0.39219 0.11042 0.01875 0.04306
0 0.31445 0.17153 0.06016 0.08194
0 0.1832 0.15764 0.04609 0.05139
0 0.52422 0.14167 0.02187 0.04167
0 0.51133 0.14722 0.03984 0.05278
0 0.5582 0.12222 0.02734 0.03333
4 0.65312 0.14236 0.02031 0.0875
4 0.67461 0.14375 0.01797 0.08472
4 0.71797 0.14236 0.02656 0.10694
0 0.48555 0.19861 0.09922 0.13056
0 0.37852 0.18819 0.08203 0.09861
0 0.59883 0.1875 0.11016 0.19722
0 0.8457 0.26806 0.30703 0.29167
0 0.10274 0.22222 0.20547 0.21667
3 0.31094 0.18889 0.03125 0.08056
0 0.31172 0.15555 0.02656 0.08611
