4 0.83242 0.3993 0.01484 0.08194
4 0.81289 0.3993 0.01641 0.08194
0 0.58906 0.37361 0.02344 0.03611
1 0.44258 0.35486 0.05391 0.0875
0 0.43164 0.38403 0.04453 0.0625
0 0.52852 0.48681 0.15703 0.22917
0 0.9039 0.55972 0.19062 0.49167
0 0.35703 0.44167 0.05937 0.19722
3 0.35938 0.4993 0.0625 0.17083
4 0.2789 0.36945 0.01406 0.06389
4 0.24844 0.36736 0.0125 0.07083
4 0.22734 0.39583 0.01562 0.075
4 0.21211 0.36736 0.01484 0.0625
4 0.19961 0.37708 0.01172 0.0625
4 0.18906 0.40278 0.02344 0.11667
0 0.16094 0.39861 0.04063 0.11944
4 0.13242 0.39653 0.02422 0.11528
4 0.11367 0.39097 0.01953 0.10417
4 0.06016 0.39514 0.02344 0.10417
4 0.04375 0.39375 0.02031 0.10972
4 0.02969 0.42361 0.03906 0.16111
