0 0.4707 0.25069 0.02422 0.04583
0 0.64805 0.23958 0.03516 0.04861
0 0.66484 0.2632 0.04531 0.07917
0 0.68633 0.26111 0.06641 0.07222
0 0.36719 0.27014 0.01719 0.08194
0 0.33828 0.27292 0.0625 0.10139
0 0.41992 0.28264 0.11328 0.14583
0 0.73985 0.30625 0.17188 0.21806
0 0.27891 0.28056 0.11875 0.15
0 0.57344 0.33958 0.17031 0.28194
4 0.41211 0.2875 0.02109 0.13611
4 0.34883 0.29653 0.02266 0.13472
4 0.21601 0.31805 0.03984 0.16944
4 0.08125 0.30278 0.03594 0.18611
4 0.96719 0.31945 0.05 0.18056
