4 0.02656 0.46597 0.01875 0.07361
4 0.31875 0.49375 0.05312 0.25972
4 0.70508 0.41736 0.01641 0.07361
4 0.60586 0.41944 0.01953 0.075
4 0.62617 0.42361 0.01797 0.08056
4 0.56328 0.425 0.02031 0.08611
4 0.74258 0.41667 0.01484 0.08333
4 0.72617 0.40903 0.01484 0.0625
4 0.67031 0.4125 0.0125 0.05833
4 0.87539 0.44097 0.04141 0.18472
4 0.04141 0.45903 0.01094 0.06806
4 0.47539 0.42639 0.01641 0.07222
0 0.19336 0.50694 0.31328 0.18611
0 0.13047 0.46111 0.15781 0.09444
0 0.45195 0.43541 0.04922 0.05694
0 0.49062 0.42778 0.02187 0.05
0 0.53594 0.42569 0.05156 0.0625
0 0.58476 0.41875 0.03359 0.05694
0 0.86094 0.40069 0.06719 0.13472
0 0.81172 0.39583 0.13594 0.12222
0 0.00781 0.47847 0.01562 0.06528
1 0.42578 0.40695 0.09688 0.12778
2 0.5582 0.38611 0.03359 0.03333
2 0.60274 0.37986 0.03047 0.02917
1 0.49687 0.41528 0.03281 0.05
0 0.34805 0.44792 0.04766 0.05972
