4 0.43398 0.52569 0.01953 0.10972
4 0.41914 0.53056 0.02109 0.12778
4 0.07265 0.55486 0.05156 0.14583
4 0.17305 0.55903 0.04922 0.12917
0 0.61875 0.50972 0.025 0.04444
0 0.64726 0.50347 0.02109 0.07083
0 0.58711 0.50625 0.03828 0.08472
0 0.46718 0.51736 0.02187 0.07083
0 0.42891 0.53333 0.075 0.11944
0 0.81523 0.5125 0.04297 0.06111
0 0.77695 0.49861 0.04141 0.12222
0 0.71172 0.50347 0.13437 0.20694
0 0.52734 0.52153 0.1 0.17083
0 0.325 0.53542 0.14375 0.2125
0 0.87383 0.50139 0.09766 0.09722
0 0.97031 0.49583 0.05781 0.11944
