0 0.61523 0.44514 0.02109 0.05972
4 0.7586 0.46528 0.06094 0.26944
4 0.66485 0.49028 0.04063 0.17222
4 0.75234 0.49514 0.05312 0.27361
4 0.9793 0.4368 0.03516 0.23472
0 0.28867 0.52153 0.03203 0.07083
0 0.30508 0.51736 0.03516 0.09028
0 0.45469 0.4382 0.10625 0.05139
0 0.67344 0.46667 0.12031 0.14167
0 0.72813 0.50486 0.11719 0.10139
0 0.88476 0.44722 0.22734 0.21944
2 0.93086 0.29236 0.13516 0.14306
1 0.11016 0.44653 0.20469 0.22917
0 0.23242 0.52708 0.09766 0.12639
0 0.08242 0.60556 0.16484 0.30278
0 0.4207 0.6382 0.28828 0.40417
4 0.55273 0.4757 0.01797 0.07917
