4 0.03125 0.41042 0.02344 0.03472
4 0.75586 0.47431 0.01484 0.09306
4 0.7164 0.46111 0.01562 0.09167
4 0.57852 0.45347 0.01172 0.07083
4 0.63945 0.46319 0.01328 0.08472
4 0.65117 0.46458 0.01328 0.08472
4 0.74141 0.46528 0.01875 0.11667
4 0.6168 0.475 0.02891 0.16111
3 0.78203 0.51389 0.04688 0.08611
2 0.91992 0.40903 0.15703 0.5375
4 0.83203 0.50208 0.02187 0.14028
0 0.04961 0.50417 0.09922 0.16667
0 0.10781 0.45972 0.1375 0.14444
0 0.52265 0.45139 0.01562 0.06667
0 0.43789 0.43681 0.02734 0.0375
0 0.28164 0.4375 0.03359 0.04722
0 0.3293 0.45903 0.08359 0.14583
0 0.40937 0.44028 0.03281 0.05556
0 0.47812 0.45278 0.07656 0.12222
