0 0.60938 0.44444 0.02813 0.05
0 0.61601 0.45 0.03359 0.05
0 0.65352 0.45833 0.06016 0.08889
0 0.42891 0.45555 0.02344 0.03611
0 0.40547 0.46111 0.02969 0.04722
0 0.28086 0.48125 0.06328 0.0875
0 0.3418 0.48681 0.11328 0.14306
0 0.10156 0.53333 0.17031 0.13611
0 0.72109 0.48125 0.10781 0.12639
4 0.22109 0.46667 0.0125 0.07778
4 0.24531 0.46805 0.0125 0.07222
4 0.93398 0.41528 0.02109 0.14444
4 0.95898 0.38958 0.02578 0.08194
4 0.95625 0.48542 0.02344 0.1625
4 0.78008 0.44722 0.01953 0.09722
4 0.8875 0.44236 0.02656 0.14861
4 0.85547 0.44583 0.02656 0.16667
4 0.98203 0.4875 0.03281 0.15833
