0 0.54258 0.41736 0.01797 0.04028
0 0.52656 0.42083 0.02344 0.05
0 0.51172 0.42778 0.03281 0.06111
0 0.49492 0.43472 0.03984 0.06667
0 0.46953 0.44375 0.07187 0.07917
4 0.42383 0.43334 0.01641 0.09167
4 0.39883 0.43681 0.02266 0.10417
4 0.3832 0.4382 0.02109 0.11528
4 0.21094 0.4 0.02031 0.06667
4 0.2707 0.41944 0.02109 0.11944
4 0.10078 0.45347 0.07969 0.20417
4 0.03242 0.44028 0.02891 0.13889
4 0.01485 0.43611 0.01719 0.11389
4 0.75312 0.41528 0.01562 0.08889
4 0.7625 0.40695 0.0125 0.08889
4 0.77305 0.40764 0.01328 0.0875
4 0.78711 0.42986 0.01953 0.13194
4 0.80312 0.42639 0.01875 0.125
4 0.83867 0.38472 0.01328 0.08333
4 0.82422 0.4118 0.01875 0.09583
4 0.85039 0.42361 0.02266 0.13889
0 0.56953 0.42778 0.04063 0.06389
0 0.6418 0.41945 0.05391 0.08056
0 0.71758 0.41736 0.07266 0.05972
4 0.67461 0.42639 0.04453 0.14167
4 0.56953 0.44583 0.025 0.1
