0 0.12969 0.41875 0.04375 0.07083
0 0.13711 0.43195 0.04766 0.07778
0 0.13867 0.44306 0.04922 0.07778
0 0.15 0.47361 0.02813 0.125
0 0.21992 0.47292 0.14453 0.21528
0 0.05078 0.41181 0.02187 0.05417
0 0.03867 0.41667 0.01953 0.06667
0 0.0793 0.42084 0.04141 0.05556
4 0.29922 0.4125 0.01875 0.09167
4 0.30899 0.46458 0.04141 0.15694
4 0.53555 0.47291 0.01953 0.19583
4 0.52656 0.475 0.0375 0.22778
4 0.49805 0.49028 0.06172 0.26667
4 0.46953 0.38125 0.01719 0.05694
4 0.47695 0.47084 0.03984 0.24167
4 0.41758 0.47639 0.06172 0.26667
