4 0.69961 0.43472 0.02266 0.12222
4 0.71797 0.47014 0.02656 0.17083
4 0.7332 0.46736 0.01953 0.17361
4 0.67734 0.45417 0.03906 0.18611
4 0.86875 0.47153 0.05781 0.26806
4 0.86992 0.51945 0.06016 0.30556
4 0.93047 0.53333 0.05937 0.30278
4 0.96875 0.55833 0.05937 0.45278
4 0.01172 0.38889 0.02344 0.16111
4 0.26133 0.37778 0.01484 0.07222
4 0.23867 0.45347 0.04297 0.22917
4 0.74961 0.47708 0.04766 0.23194
4 0.81367 0.51389 0.04922 0.28889
4 0.78906 0.50903 0.03906 0.26806
0 0.4082 0.38681 0.01953 0.04861
0 0.40039 0.38958 0.02734 0.04861
0 0.50547 0.4 0.02031 0.05833
0 0.52891 0.40208 0.03594 0.09583
0 0.56172 0.42361 0.07031 0.08889
0 0.575 0.44444 0.07969 0.1
0 0.46055 0.3868 0.03203 0.05694
0 0.37578 0.39028 0.04063 0.05833
