4 0.08828 0.34097 0.01875 0.06806
4 0.10898 0.33125 0.01484 0.09028
4 0.39766 0.36389 0.02813 0.10556
4 0.82227 0.36875 0.01328 0.05694
4 0.95351 0.42292 0.04609 0.14861
4 0.05664 0.42153 0.05078 0.29028
4 0.12695 0.35556 0.02422 0.11111
4 0.3457 0.33403 0.01172 0.05972
4 0.93477 0.45208 0.03047 0.0875
2 0.55937 0.33056 0.03281 0.04167
2 0.71953 0.34514 0.05156 0.07917
0 0.50235 0.34306 0.02813 0.025
0 0.57852 0.34931 0.03672 0.04861
0 0.40742 0.3125 0.07891 0.11111
0 0.93985 0.6875 0.11563 0.375
