4 0.0957 0.52014 0.04922 0.18472
4 0.24688 0.49167 0.04063 0.12222
4 0.3082 0.49931 0.02734 0.10417
4 0.32695 0.49791 0.01953 0.08194
4 0.34648 0.4993 0.01953 0.07361
4 0.35742 0.47778 0.01328 0.05278
4 0.36641 0.50139 0.01875 0.08333
4 0.38008 0.49931 0.01797 0.07917
4 0.39375 0.49444 0.01562 0.075
4 0.40898 0.48472 0.01328 0.05833
4 0.57969 0.475 0.01719 0.05
4 0.60703 0.46875 0.02031 0.06806
4 0.60234 0.52083 0.02344 0.11389
4 0.63633 0.50764 0.03047 0.14306
4 0.78164 0.55209 0.07266 0.31806
4 0.8836 0.60833 0.09844 0.44722
4 0.51367 0.49792 0.01328 0.07917
4 0.52343 0.4875 0.01562 0.06111
0 0.48984 0.48472 0.03281 0.03333
