0 0.44219 0.46597 0.03594 0.04861
0 0.48477 0.46736 0.02891 0.04306
0 0.49805 0.48055 0.02422 0.04444
0 0.50664 0.48958 0.02578 0.04583
0 0.51953 0.49305 0.02031 0.04722
0 0.55274 0.49236 0.06641 0.09028
1 0.57266 0.44931 0.04844 0.04861
0 0.56914 0.51944 0.08203 0.08333
0 0.69727 0.50139 0.10547 0.09444
0 0.67617 0.57569 0.16797 0.1875
2 0.87852 0.52709 0.24297 0.26806
4 0.26445 0.46597 0.01953 0.08194
4 0.28945 0.46389 0.01484 0.08611
4 0.30742 0.45 0.01641 0.06944
4 0.38789 0.46389 0.01484 0.075
4 0.39687 0.45278 0.0125 0.06389
3 0.02109 0.45417 0.03125 0.09722
4 0.36719 0.45694 0.01406 0.05
4 0.33985 0.45417 0.01719 0.05278
0 0.01016 0.47569 0.02031 0.0375
0 0.97813 0.85694 0.04063 0.14444
