0 0.25547 0.53611 0.02969 0.09722
0 0.02617 0.70764 0.05234 0.22361
0 0.07969 0.57431 0.15937 0.32639
0 0.5918 0.57361 0.50234 0.44167
0 0.36055 0.55069 0.09453 0.2375
0 0.21055 0.55208 0.06484 0.08194
0 0.15039 0.53819 0.03828 0.09583
0 0.17148 0.54097 0.03203 0.07083
1 0.18125 0.4993 0.05 0.05972
0 0.28672 0.55347 0.05 0.07083
0 0.34609 0.51528 0.09219 0.20278
0 0.82461 0.58611 0.07109 0.21944
4 0.96914 0.60208 0.03984 0.14583
4 0.925 0.59792 0.02656 0.12639
4 0.89453 0.59722 0.01562 0.11389
4 0.88164 0.58125 0.01797 0.11806
4 0.85195 0.55278 0.01484 0.04722
4 0.94336 0.59445 0.01953 0.11667
