4 0.12461 0.475 0.01172 0.06389
4 0.08398 0.48264 0.01328 0.05972
4 0.01328 0.49653 0.01094 0.0875
4 0.0582 0.49514 0.01797 0.08472
4 0.84531 0.50625 0.01562 0.06806
4 0.79805 0.49653 0.01484 0.05139
4 0.83086 0.50903 0.01328 0.0625
4 0.47305 0.49583 0.01797 0.07222
0 0.49179 0.59306 0.07109 0.27778
3 0.50117 0.65139 0.10078 0.21111
0 0.54453 0.48125 0.01875 0.04028
0 0.55547 0.49236 0.02813 0.05694
0 0.65235 0.49167 0.02813 0.04167
0 0.56953 0.51389 0.05312 0.07222
0 0.62422 0.49653 0.03594 0.0625
4 0.93164 0.51528 0.02109 0.08611
